7.37256 0.186914 0.0836148 4.16517 1.70771 1.43629 -0.0309342 0.000358582 -8.39233e-05 0.782496 0
13.9629 -6.57773 0.287649 0.322126 0.329443 0.767476 -3.14125 7.62939e-06 0.000133514 0.454079 9
15.5867 -8.45332 0.213597 0.602987 0.594219 1.67632 3.10085 -0.000213623 -3.8147e-06 0.340485 8
15.6191 0.447656 0.231622 4.3736 1.81519 1.73207 -0.14413 -3.05176e-05 1.52588e-05 0.311846 0
21.9957 -0.276563 0.246018 4.35655 1.83301 1.76968 -0.0865182 -0.00100708 -0.000183105 0.298185 0
22.8418 3.30293 0.298753 0.285388 0.272585 1.01089 -0.582062 -0.000190735 0.000125885 0.29747 9
16.3313 -9.10273 0.166233 0.591902 0.598003 1.72027 -3.11768 -0.000144958 -7.62939e-06 0.28897 8
23.5039 3.3957 0.278091 0.290733 0.279595 1.05026 -0.655202 7.62939e-06 0.000221252 0.282691 9
14.9121 -8.30469 0.234104 0.577344 0.556584 1.65679 -3.12055 -0.000244141 -3.8147e-06 0.280124 8
14.7902 -7.64453 0.29936 0.411402 0.428418 1.1337 -3.12936 0.00012207 0.000137329 0.242206 8
22.1348 3.01758 0.271597 0.277419 0.284553 1.12282 -0.689382 -5.34058e-05 3.05176e-05 0.227985 9
24.2727 3.55371 0.263385 0.293013 0.290733 1.07968 -1.07641 -0.000144958 0.000244141 0.206254 9
12.4961 -6.77656 0.311291 0.339901 0.351033 0.811012 2.73451 -3.8147e-05 0.000282288 0.201971 9
14.0965 -7.52891 0.302592 0.394677 0.412609 1.11259 -3.0357 -0.000106812 0.000255585 0.199308 8
14.0758 -8.31797 0.232213 0.580737 0.549026 1.63909 3.11625 -0.000213623 2.28882e-05 0.192539 8
17.0002 -9.25605 0.156798 0.596253 0.59277 1.67468 3.04838 0.000137329 -2.28882e-05 0.168446 8
14.9027 -8.98281 0.191999 0.623649 0.577062 1.69608 -3.09132 -0.000473022 4.95911e-05 0.166269 8
13.2273 -8.34023 0.251769 0.541835 0.521333 1.59021 2.9419 -0.000267029 0.000110626 0.161717 8
18.8582 -0.247656 0.254677 4.41221 1.85552 1.82854 -0.0724063 -0.000106812 -3.43323e-05 0.158565 0
12.4211 -8.31719 0.264383 0.509007 0.505046 1.55717 2.88315 -0.000167847 7.24792e-05 0.158174 8
22.0344 1.03262 0.233654 4.1046 1.71691 1.78269 -0.059512 -0.000137329 0.000217438 0.157655 0
11.648 -6.93809 0.351469 0.342567 0.352407 0.840031 2.53528 -7.62939e-06 0.000377655 0.156749 9
11.6133 -7.55234 0.314333 0.393522 0.402068 1.12036 2.77566 0.000106812 0.000152588 0.154185 8
12.3625 -7.56484 0.296606 0.402461 0.4108 1.12749 2.80806 5.34058e-05 0.000205994 0.152032 8
13.2293 -7.56719 0.294478 0.402855 0.419517 1.12296 3.05741 3.8147e-05 0.000183105 0.151404 8
15.3975 -7.8457 0.293893 0.434315 0.453163 1.18175 3.01357 0.000244141 3.43323e-05 0.151278 8
29.218 1.27461 0.115456 4.35655 1.80547 1.60112 0.193882 0.140503 -0.000640869 0.146331 0
25.0656 3.64688 0.250026 0.303794 0.31191 1.12104 -1.82549 -0.000267029 4.95911e-05 0.143068 9
24.3125 0.350586 0.222739 4.35229 1.82854 1.71273 -0.00879711 0.0731201 -0.00988007 0.141281 0
16.4258 -9.80977 0.0998122 1.0527 0.786636 1.70272 -2.75637 -0.000228882 -1.14441e-05 0.135118 8
11.6555 -8.27266 0.279726 0.49407 0.491423 1.54016 2.96913 -0.000167847 1.52588e-05 0.13489 8
21.3375 2.89531 0.285901 0.307675 0.313131 1.18796 -0.861289 -0.000160217 9.91821e-05 0.130618 9
43.6086 2.00742 0.0366465 4.4079 1.87647 1.59761 1.33919 1.15723 5.41797 0.127435 0
10.8945 -7.53594 0.338946 0.381415 0.391223 1.12289 2.88641 -3.05176e-05 3.43323e-05 0.127327 9
50.8266 2.05156 -0.0791744 4.31842 1.92379 1.59683 1.54541 0.00545502 0.0103912 0.124426 0
14.043 -9.03633 0.18754 0.789907 0.669568 1.74992 3.07442 -0.000534058 5.72205e-05 0.121895 8
26.7855 -0.415234 0.177533 4.50363 1.8875 1.79142 0.0487635 1.04199 -0.0160828 0.119305 0
13.2234 -9.06719 0.227901 0.711013 0.638282 1.71607 3.00252 -0.00037384 0.000106812 0.113187 8
34.8043 1.98613 -0.0308409 4.3608 1.83122 1.59293 0.537545 0.0444641 0.0484924 0.105395 0
42.8227 3.49395 0.0933027 4.39072 1.84108 1.57707 1.332 0.956543 4.24219 0.104112 0
12.4406 -9.07578 0.257744 0.591324 0.597419 1.70522 3.0316 -0.000320435 5.72205e-05 0.102664 8
10.8762 -8.27422 0.308365 0.468233 0.471675 1.50632 3.10989 -0.000320435 6.10352e-05 0.101947 8
