-5.22539 -1.11914 -0.0922718 4.41652 1.89119 1.76365 0.106385 0.382603 0
5.97539 -15.4711 0.086674 4.58349 1.91535 1.79931 -1.24873 0.27513 1
12.3301 -18.0305 -0.02706 4.69677 1.96557 1.86369 0.344556 0.201342 0
13.0926 -19.6391 -0.00340444 4.75678 1.98971 1.88474 0.963491 0.195594 0
11.6363 -16.4264 -0.0483895 4.57008 1.93132 1.79404 -0.942313 0.186836 0
-5.1125 0.198437 -0.0908429 4.56562 1.91535 1.78618 -0.176865 0.181844 0
13.8422 -21.2109 0.0270802 4.84586 2.01808 1.91068 1.13321 0.144149 0
5.32773 -13.348 0.0872617 3.57311 1.65033 1.70438 -1.12924 0.111241 0
6.7625 -5.97109 0.11713 4.42515 1.88566 1.71691 -0.881434 0.10393 0
14.7406 -23.5918 0.038924 4.84113 2.00825 1.86551 1.2422 0.101947 0
10.7609 -13.257 0.0222085 4.49045 1.90509 1.79054 -1.26982 0.101233 0
